def subsets=list(list(1,2,3,4),
list(1,2,3,5),
list(1,2,3,6),
list(1,2,3,7),
list(1,2,3,8),
list(1,2,4,5),
list(1,2,4,6),
list(1,2,4,7),
list(1,2,4,8),
list(1,2,5,6),
list(1,2,5,7),
list(1,2,5,8),
list(1,2,6,7),
list(1,2,6,8),
list(1,2,7,8),
list(1,3,4,5),
list(1,3,4,6),
list(1,3,4,7),
list(1,3,4,8),
list(1,3,5,6),
list(1,3,5,7),
list(1,3,5,8),
list(1,3,6,7),
list(1,3,6,8),
list(1,3,7,8),
list(1,4,5,6),
list(1,4,5,7),
list(1,4,5,8),
list(1,4,6,7),
list(1,4,6,8),
list(1,4,7,8),
list(1,5,6,7),
list(1,5,6,8),
list(1,5,7,8),
list(1,6,7,8),
list(2,3,4,5),
list(2,3,4,6),
list(2,3,4,7),
list(2,3,4,8),
list(2,3,5,6),
list(2,3,5,7),
list(2,3,5,8),
list(2,3,6,7),
list(2,3,6,8),
list(2,3,7,8),
list(2,4,5,6),
list(2,4,5,7),
list(2,4,5,8),
list(2,4,6,7),
list(2,4,6,8),
list(2,4,7,8),
list(2,5,6,7),
list(2,5,6,8),
list(2,5,7,8),
list(2,6,7,8),
list(3,4,5,6),
list(3,4,5,7),
list(3,4,5,8),
list(3,4,6,7),
list(3,4,6,8),
list(3,4,7,8),
list(3,5,6,7),
list(3,5,6,8),
list(3,5,7,8),
list(3,6,7,8),
list(4,5,6,7),
list(4,5,6,8),
list(4,5,7,8),
list(4,6,7,8),
list(5,6,7,8));